13 0.690417 0.429054 0.0408333 0.212838 0.606803
8 0.4975 0.451014 0.0316667 0.226351 0.702951
11 0.619167 0.472973 0.0416667 0.175676 0.713901
16 0.525 0.665541 0.0283333 0.162162 0.789559
24 0.500417 0.671453 0.0291667 0.177365 0.819293
13 0.650833 0.432432 0.05 0.222973 0.857064
17 0.550417 0.664696 0.0291667 0.160473 0.87427
14 0.69125 0.428209 0.0391667 0.204392 0.875861
9 0.55875 0.455236 0.0291667 0.201014 0.878731
19 0.608333 0.67652 0.04 0.173986 0.892949
28 0.377917 0.652872 0.0591667 0.190878 0.896899
26 0.44 0.673986 0.0483333 0.182432 0.899767
10 0.590833 0.449324 0.035 0.243243 0.8999
25 0.475833 0.664696 0.03 0.177365 0.899908
14 0.725417 0.411318 0.0391667 0.173986 0.907007
0 0.4975 0.450169 0.0316667 0.224662 0.910042
3 0.409583 0.433277 0.0391667 0.217905 0.911092
1 0.4675 0.446791 0.03 0.217905 0.911997
5 0.348333 0.422297 0.05 0.216216 0.912505
27 0.410833 0.665541 0.05 0.189189 0.914407
8 0.529167 0.454392 0.0333333 0.222973 0.915852
4 0.38125 0.429899 0.0391667 0.201014 0.916742
6 0.310417 0.396959 0.0441667 0.206081 0.922077
18 0.584583 0.684966 0.0491667 0.173986 0.925273
7 0.277917 0.369088 0.0441667 0.163851 0.929008
2 0.4375 0.427365 0.035 0.25 0.92916
23 0.76625 0.554054 0.0825 0.152027 0.931939
31 0.25125 0.534628 0.0825 0.157095 0.935873
30 0.287083 0.594595 0.0891667 0.189189 0.93772
20 0.634583 0.668074 0.0458333 0.180743 0.937824
21 0.676667 0.651182 0.08 0.190878 0.940516
22 0.727917 0.61402 0.0891667 0.184122 0.94916
